ISS (ZARYA)             
1 25544U 98067A   21355.13790509  .00005755  00000+0  11245-3 0  9997
2 25544  51.6428 138.2997 0004449 340.2559 352.9952 15.49023197317564
AEROCUBE 12A            
1 43556U 18046C   21355.16245087  .00011084  00000+0  34745-3 0  9990
2 43556  51.6396 328.6248 0007952 110.4851 249.6985 15.33535858191911
AEROCUBE 12B            
1 43557U 18046D   21354.56019751  .00010361  00000+0  33436-3 0  9994
2 43557  51.6406 334.3038 0008044 107.8424 252.3436 15.32680392191739
LEMUR-2-VU              
1 43558U 18046E   21354.94020179  .00019900  00000+0  55471-3 0  9994
2 43558  51.6405 318.4243 0007256 114.8987 245.2751 15.36737441192022
LEMUR-2-ALEXANDER       
1 43559U 18046F   21354.89313088  .00021279  00000+0  58659-3 0  9996
2 43559  51.6411 317.3858 0007211 115.1403 245.0329 15.37039887191813
LEMUR-2-YUASA           
1 43560U 18046G   21354.71800829  .00022757  00000+0  63324-3 0  9990
2 43560  51.6409 319.9393 0007158 126.2348 233.9298 15.36705759191981
LEMUR-2-TOMHENDERSON    
1 43561U 18046H   21354.91416334  .00020623  00000+0  58491-3 0  9996
2 43561  51.6412 320.4703 0007408 123.7238 236.4452 15.36171579191556
ISS DEB (SEDA-AP)       
1 43870U 98067PU  21354.50814233  .00031825  00000+0  29762-3 0  9990
2 43870  51.6348  69.2777 0003390 318.9824  41.0917 15.66960577170753
ISS DEB                 
1 44303U 98067QA  21354.79962077  .00040807  00000+0  40849-3 0  9992
2 44303  51.6374  93.2539 0004303 233.4324 126.6275 15.65132020145738
ISS DEB                 
1 44306U 98067QD  21354.89872990  .00042844  00000+0  40510-3 0  9998
2 44306  51.6358  90.7739 0005115 233.4371 126.6155 15.66533602145785
RED-EYE 1 (PINOT)       
1 44364U 98067QJ  21354.58294587  .00040113  00000+0  40682-3 0  9995
2 44364  51.6385  95.5603 0005723 227.2123 132.8391 15.64802286141279
KRAKSAT                 
1 44427U 98067QM  21355.17060094  .00298767  45080-4  85119-3 0  9991
2 44427  51.6351  59.4530 0003857 349.1144  36.2613 15.92781019140918
RWASAT-1                
1 44790U 98067QV  21354.80767450  .00013288  00000+0  11951-3 0  9997
2 44790  51.6332  97.4995 0005974 279.2392 171.1768 15.68580695118608
AQT-D                   
1 44791U 98067QW  21355.10095361  .00067849  00000+0  56835-3 0  9999
2 44791  51.6347  96.0204 0005241 257.9809 102.0600 15.69312854118650
NARSSCUBE-1             
1 44792U 98067QX  21354.68492049  .10040885  12438-4  82049-3 0  9997
2 44792  51.6150  67.9910 0004543 332.8387  27.2401 16.39000224118988
STPSAT-4                
1 45043U 98067QY  21354.76130639  .00030111  00000+0  39049-3 0  9999
2 45043  51.6403 122.2406 0004644 247.8976 112.1524 15.58577811107513
HARP                    
1 45256U 98067QZ  21354.81645039  .00084276  00000+0  70083-3 0  9990
2 45256  51.6414 104.7062 0005663 263.4781  96.5571 15.69398185104425
1998-067RA              
1 45257U 98067RA  21354.58388843  .00065299  00000+0  62675-3 0  9994
2 45257  51.6353 109.7564 0006123 253.8699 106.1623 15.65972919104338
PHOENIX                 
1 45258U 98067RB  21354.61431720  .00050764  00000+0  54829-3 0  9995
2 45258  51.6371 113.7241 0005250 231.7406 128.3117 15.63099524104252
1998-067RC              
1 45259U 98067RC  21354.52127866  .00219947  00000+0  10952-2 0  9997
2 45259  51.6300  94.9985 0005745 290.3078  69.7306 15.80708446104522
RADSAT-U                
1 45262U 98067RF  21354.78515944  .00063944  00000+0  59008-3 0  9997
2 45262  51.6414 107.4893 0005213 282.2438  77.7974 15.66965204104396
QARMAN                  
1 45263U 98067RG  21354.82767506  .00227390  00000+0  11041-2 0  9997
2 45263  51.6328  94.0444 0005404 288.0319  72.0094 15.81236910104593
SORTIE                  
1 45264U 98067RH  21354.74182903  .00034067  00000+0  42448-3 0  9994
2 45264  51.6398 119.1698 0006294 251.3680 108.6630 15.59563234104222
ICS-EF (ISS DEB)        
1 45265U 98067RJ  21354.83281268  .00016321  00000+0  24620-3 0  9994
2 45265  51.6393 127.9486 0004688 243.2608 116.7903 15.54903645103798
G-SAT                   
1 45597U 98067RK  21354.69779800  .00073111  00000+0  66496-3 0  9997
2 45597  51.6371 109.8153 0003789 295.5600  64.5004 15.67276121 93713
QUETZAL-1               
1 45598U 98067RL  21354.67551094  .00138280  00000+0  90519-3 0  9991
2 45598  51.6362 103.6245 0003107 305.3000  54.7709 15.74847632 93729
RED-EYE 2 (MERLOT)      
1 45800U 98067RM  21354.86323272  .00020516  00000+0  28411-3 0  9997
2 45800  51.6405 125.2102 0001178 233.9167 126.1715 15.57062837 85696
RED-EYE 3 (CABERNET)    
1 45809U 98067RN  21354.67045806  .00026302  00000+0  36218-3 0  9992
2 45809  51.6404 126.1742 0001587 224.0018 136.0848 15.57055815 84643
DEMI                    
1 45916U 98067RP  21355.14359717  .00111777  00000+0  84055-3 0  9996
2 45916  51.6379 106.0615 0002642 254.1137 105.9570 15.71704244 81948
SPOC                    
1 46921U 98067RR  21354.66848478  .00044205  00000+0  52888-3 0  9996
2 46921  51.6388 123.9277 0000709  75.0226 285.0846 15.60525845 63872
BOBCAT-1                
1 46922U 98067RS  21354.62496331  .00084986  00000+0  80105-3 0  9993
2 46922  51.6405 118.4221 0000397 254.4699 105.6253 15.66335374 63894
NEUTRON-1               
1 46923U 98067RT  21354.89173285  .00043149  00000+0  51816-3 0  9996
2 46923  51.6396 123.1698 0000815  99.2836 260.8249 15.60439511 63923
1998-067RU              
1 46924U 98067RU  21354.57609717  .00729996  24090-3  17218-2 0  9993
2 46924  51.6257 102.0849 0007175 332.8507  27.2125 15.96195375 64139
LEMUR-2-BAXTER-OLIVER   
1 46925U 98067RV  21354.50774834  .11296266  12432-4  10085-2 0  9994
2 46925  51.6322  96.4191 0005032 349.2763  10.8155 16.38239480 64184
LEMUR-2-DJARA           
1 46926U 98067RW  21355.15155453  .00514128  11597-3  14140-2 0  9991
2 46926  51.6368 100.0865 0007507   4.8918 355.2162 15.93338060 64201
DESCENT                 
1 46927U 98067RX  21354.95726458  .00044804  00000+0  53505-3 0  9999
2 46927  51.6401 122.8542 0001295 124.7438 235.3678 15.60567949 63844
ISS DEB                 
1 47853U 98067RZ  21354.84232682  .00006209  00000+0  11405-3 0  9997
2 47853  51.6420 137.8095 0002939  68.9277 291.2027 15.50657157 44173
RSP-01                  
1 47925U 98067SB  21354.63971235  .00051414  00000+0  67143-3 0  9996
2 47925  51.6404 131.9741 0000748 335.3273  24.7684 15.58147197 43736
TAUSAT-1                
1 47926U 98067SC  21354.84831663  .00062384  00000+0  73814-3 0  9990
2 47926  51.6390 128.8508 0001512 331.6297  28.4614 15.60667571 43787
TSURU                   
1 47927U 98067SD  21354.69477033  .00043233  00000+0  58427-3 0  9996
2 47927  51.6397 132.3410 0000901 343.5200  16.5763 15.57307058 43739
STARS-EC                
1 47928U 98067SE  21354.84978268  .00070657  00000+0  82824-3 0  9998
2 47928  51.6391 129.6130 0002909 104.2309 255.9008 15.60857223 43766
MMSATS-1                
1 47976U 98067SJ  21354.99450961  .00010730  00000+0  18160-3 0  9990
2 47976  51.6412 135.7958 0002692  75.5558 284.5733 15.52130592 42490
TIANHE                  
1 48274U 21035A   21354.42454861  .00012117  00000+0  14857-3 0  9994
2 48274  41.4688 227.8263 0005121 257.6004 102.7490 15.60155880 36822
TIANZHOU-2              
1 48803U 21046A   21354.42454861  .00012117  00000+0  14857-3 0  9994
2 48803  41.4688 227.8263 0005121 257.6004 102.7490 15.60155880 36820
RAMSAT                  
1 48850U 98067SL  21354.83409925  .00028427  00000+0  44089-3 0  9990
2 48850  51.6402 136.2377 0004037 119.9711 240.1681 15.53759345 29445
SOAR                    
1 48851U 98067SM  21354.93099487  .00100421  00000+0  10201-2 0  9993
2 48851  51.6353 130.1008 0002570 168.9638 191.1414 15.64382607 29575
BD-28                   
1 48867U 98067SN  21354.67566986  .00034481  00000+0  52263-3 0  9991
2 48867  51.6395 136.6784 0003224 155.3273 204.7873 15.54294653 28179
MIR-SAT 1               
1 48868U 98067SP  21354.77395787  .00074240  00000+0  94768-3 0  9995
2 48868  51.6388 134.3346 0002146 157.4707 202.6380 15.58596442 28241
ISS (NAUKA)             
1 49044U 21066A   21354.57873749  .00006750  00000+0  13050-3 0  9990
2 49044  51.6428 141.0681 0004390 337.5387 115.4687 15.49016633317485
TIANZHOU-3              
1 49222U 21085A   21354.42454861  .00012117  00000+0  14857-3 0  9993
2 49222  41.4688 227.8263 0005121 257.6004 102.7490 15.60155880 36826
SOYUZ-MS 19             
1 49269U 21089A   21354.57873749  .00006750  00000+0  13050-3 0  9994
2 49269  51.6428 141.0681 0004390 337.5387 115.4687 15.49016633317484
FREGAT DEB              
1 49271U 11037PF  21355.16600710  .00082613  00000+0  48364+0 0  9995
2 49271  51.5664 353.6523 0916543  38.2450 327.9908 11.70906936 26096
BINAR-1                 
1 49272U 98067SR  21354.77884156  .00029785  00000+0  48915-3 0  9995
2 49272  51.6403 138.8557 0004198  12.7586 347.3509 15.52143003 11796
MAYA-3                  
1 49273U 98067SS  21354.70382652  .00039606  00000+0  63617-3 0  9992
2 49273  51.6400 139.1052 0003850   6.7284 353.3758 15.52620776 11789
MAYA-4                  
1 49274U 98067ST  21354.83481574  .00038847  00000+0  62528-3 0  9996
2 49274  51.6401 138.4793 0003775   5.8117 354.2916 15.52572011 11803
CUAVA-1                 
1 49275U 98067SU  21355.04370581  .00024518  00000+0  39827-3 0  9992
2 49275  51.6415 137.3964 0003485  19.8830  86.2862 15.52562375 11783
CAPSAT                  
1 49276U 98067SV  21354.86876132  .00030547  00000+0  50967-3 0  9992
2 49276  51.6402 138.7021 0004625  25.5676 334.5542 15.51684172 10869
1998-067SW              
1 49277U 98067SW  21354.92641039  .00033036  00000+0  54527-3 0  9998
2 49277  51.6396 138.3343 0005091  20.1119 340.0071 15.51944624 10844
1998-067SX              
1 49278U 98067SX  21354.73572782  .00089418  00000+0  13099-2 0  9999
2 49278  51.6393 138.5641 0003982 358.1848   1.9128 15.54803061 10843
SHENZHOU-13 (SZ-13)     
1 49326U 21092A   21354.42454861  .00012117  00000+0  14857-3 0  9996
2 49326  41.4688 227.8263 0005121 257.6004 102.7490 15.60155880 36821
PROGRESS-MS 18          
1 49379U 21098A   21354.57873749  .00006750  00000+0  13050-3 0  9996
2 49379  51.6428 141.0681 0004390 337.5387 115.4687 15.49016633317486
CREW DRAGON 3           
1 49407U 21103A   21354.57873749  .00006750  00000+0  13050-3 0  9995
2 49407  51.6428 141.0681 0004390 337.5387 115.4687 15.49016633317488
ISS (PRICHAL)           
1 49499U 21111A   21354.57873749  .00006750  00000+0  13050-3 0  9995
2 49499  51.6428 141.0681 0004390 337.5387 115.4687 15.49016633317489
